932
965
893
834
825
828
871
916
810
809
795
889
941
894
848
827
869
914
868
822
885
897
874
916
910
969
867
820
766
775
932
868
793
676
700
695
862
945
921
929
818
807
772
797
921
894
849
822
773
829
862
904
892
816
821
851
907
919
864
856
785
881
912
878
845
771
826
823
873
926
844
807
865
877
923
838
816
858
901
938
847
804
873
887
940
880
781
837
850
913
901
826
842
848
938
920
862
837
816
858
902
849
828
801
882
905
860
828
785
852
813
744
741
692
734
910
925
874
826
838
861
903
852
770
790
794
883
863
864
772
783
874
864
933
884
850
860
902
938
988
956
914
884
830
934
967
975
991
909
854
924
957
977
1006
904
856
882
956
1004
1028
942
888
905
923
966
978
929
833
846
798
696
760
960
908
812
826
824
797
764
773
928
924
926
878
829
797
801
888
917
908
894
797
796
715
853
902
914
957
834
842
876
893
965
936
894
890
835
880
930
880
869
792
804
906
853
849
725
751
688
875
935
890
878
798
766
877
847
908
834
794
842
865
940
871
830
860
844
918
886
855
853
758
752
714
934
874
862
844
802
871
877
902
932
838
822
869
889
947
863
782
792
750
952
891
895
926
862
884
868
888
944
860
817
839
862
944
930
926
912
842
854
915
950
955
964
874
880
854
894
979
951
926
927
879
908
990
962
944
948
786
968
951
931
936
821
819
945
899
870
820
824
868
851
901
980
940
946
816
855
924
879
898
890
801
863
854
882
904
804
805
750
787
825
850
925
862
858
812
856
890
874
891
883
774
831
840